003834
001643
001644
540008
005267
001790
000991
000409
001476
003984
001054
003853
001616
001245
001975
001008
001736
001158
002168
519714
001236
000985
001705
001043
376510
001070
519193
004241
000793
001605
450009
000628
001576
000577
004686
000082
001490
164205
004450
004698
001044
001396
001072
001186
001039
000418
000854
000746
001009
001126
162208
004616
002980
004476
001163
160133
001104
001725
001230
000971
519673
001195
001956
001036
320022
000513
002229
206012
000960
001047
005268
001766
001542
000913
540010
001040
001171
000711
004075
003230
003231
003634
001579
000831
000780
001645
005106
001915
002621
002697