000835
320010
003957
003958
000656
166802
160807
004190
004191
164304
217016
004408
160643
000368
003015
003579
110019
004742
159901
161604
002310
002315
004876
003876
161227
450008
000312
000313
162714
512990
310318
002670
002671
700002
161612
159949
165310
530018
003884
003885
740101
502000
000596
001397
001617
001618
161037
001631
001632
161613
159908
160223
004870
050021
001592
001593
217017
512600
161033
510150
110026
004407
004744
159955
003646
159915
161213
501019
002656
004343
004945
159952
003765
159948
003766
002510
160224
001879
000248
159928
510630
502056
510660
161122
001027
161035
501009
501010
501005
501006