000263
001382
004868
519150
002132
020018
000336
100060
040011
002846
481010
160421
001856
165516
005049
005050
001716
001997
450004
003961
003962
166301
110011
673060
001216
001217
000167
040020
162203
530006
002780
004895
040016
002669
002148
168002
570008
001704
400025
161903
001955
162605
001811
001695
000541
002378
160605
260104
003238
004986
000652
260108
001694
519979
004357
165317
001500
163415
550015
260109
004604
100039
003889
550016
003890
004605
690007
002967
166019
001887
001007
004263
004505
004235
001532
002563
000532
100020
519133
002620
217010
003713
003714
001224
001538
002249
000408
180012
163411
690005
002340
003516
270021
001053
000584
000939
519089
002252
000609
002593
002446
002624
001898
040035
160518
519091
005136
001607
290011
001608
519959
519772
487016
000663
519915
501022
001679
002079
000126
161706
519655
519732
001102
519704
519642
519698
002692
519644
004434
161606
001830
519712
360016
002628
002629
000327
002291
519767
000083
001445
000601
003291
000924
000967
005028
310388
519002
002307
121010
003105
003106
001985
160918
213001
001222
001880
050022
001543
090018
000634
519760
001071
002482
217020
000294
519778
001508
001875
519727
070002
001510
002160
000431
610002
519773
501046
519022
168501
002407
162703
002770
002771
002939
200012
002450
519087
002451
000717
001773
002408
001069
001417
004423
000977
001852
001815
002542
003095
002082
001907
003096
002708
470006
001908
519056
206009
460005
004905
519171
000556
240020
001387
001388
121006
161219
000220
050026
005176
110023
161616
000878
000339
000879
000727
001558
001559
121005
000452
519674
161810