001790
003834
005267
003624
003625
000592
000409
001476
004997
001643
001644
001825
004925
540008
000803
001718
003984
001245
003985
519714
000991
000828
001616
000793
002168
001158
001054
110022
003853
001576
001705
000594
000985
001008
000778
000309
001651
001473
001975
540009
001496
001043
001490
001236
001938
000628
002556
004241
000854
001703
001736
001577
001163
005235
001781
005236
004640
001070
001396
000729
001714
004450
000884
003298
003299
001605
960000
540006
001208
001193
000761
673100
001044
001126
376510
450009
004716
001186
320020
673090
001626
002980
001009
001528
000867
160127
000746
519193
000418
001230
001104
004292
004686
001039
002861
001195
000524
000866
001917
004476
000082
000577
001719
540007
004784
000971
000326
001725
001072
001482
001849
004616
160133
001692
001696
001677
164205
519673
000913
002229
001036
340006
167702
167703
001974
003190
000513
000549
003191
160919
001410
206012
162208
320022
003956
002595
001766
000751
003230
001047
001956
003231
003745
004698
001040
001050
001556
001028
001557
004851
000586
005237
001178
004075
005238
002300
001171
001628
000780
000960
399011
001717
001579
000711
004040
004041
004683
000831
002621
003634
002697
001915
001645
005106